00000000
01111110
01000000
01000000
01111110
00000010
00000010
01111110
00000000
00000000
00000000
00000000
00000000
00000000
00000000
00000000

00000000
00000000
11111111
10000001
10000001
10000001
10000001
11111111
10000000
10000000
10000000
00000000
00000000
00000000
00000000
00000000

00000000
00000000
11111111
10000000
10000000
10000000
11111111
10000000
10000000
10000000
11111111
00000000
00000000
00000000
00000000
00000000

00000000
00000000
11111111
10000000
10000000
10000000
11111111
10000000
10000000
10000000
11111111
00000000
00000000
00000000
00000000
00000000

00000000
00000000
11111110
10000001
10000001
10000001
10000001
10000001
10000001
10000001
11111110
00000000
00000000
00000000
00000000
00000000
